5.026162668
5.959799782
4.306669895
8.462837093
9.721847785
6.501976657
11.30759361
4.855913744
4.817826213
10.45907446
7.868757241
7.523252397
6.976026748
7.764887948
9.797588
6.804152812
11.11136061
10.10462764
8.167418251
7.211168791
4.437217875
7.000032477
6.593925995
4.908772208
7.501012648
7.713225745
5.851595515
11.13099304
11.8375222
10.27079346
5.333266713
9.795908139
7.708221387
5.831832432
12.59528362
8.777407196
9.189909741
8.810507363
4.757237717
4.889185383
5.580346817
6.043449633
7.928380017
5.308123367
4.2540849
7.9964379
13.52004015
7.918802033
5.4967466
8.071790817
10.61250297
8.01617685
10.90773217
4.647940783
7.027883617
5.397226683
8.95480365
9.832531817
6.021801333
5.024177583
5.9941796
8.4512449
4.52082485
5.431339017
12.55446242
7.07304615
10.0403826
6.258073417
9.39610465
7.141783433
6.725985583
6.32723815
8.331463917
5.862803833
8.9914331
12.75494475
3.8647162
5.06544845
6.477228817
7.28863895
5.35103735
5.98803685
5.585367617
4.750454517
10.78437817
4.681003017
7.2648233
5.515208367
3.699066483
7.1849462
4.2381081
4.27907075
7.5925794
4.264548517
4.256146567
5.6382373
6.779927133
6.85347405
3.754286617
3.924974833
4.090580467
8.189164167
6.37104825
10.53821952
12.56417908
5.904356967
5.0161716
6.647525
5.32789155
6.1616744
3.555399317
9.815137317
7.576444717
5.435365617
7.6195238
3.990732117
5.724234083
3.973171683
6.016518233
8.13645205
5.460050283
7.998302367
6.4921655
7.527896483
4.851864817
3.1039214
8.909988183
8.260692033
9.547634183
5.801754633
4.697098167
8.16856235
6.118788983
8.053344583
8.88281625
12.00756095
4.30582505
10.05117988
6.401261333
7.40773225
8.905063317
6.335533683
8.617383283
7.163712683
6.57923035
5.822809233
4.898447517
3.874965467
5.372555667
4.201291233
7.47166585
8.396411817
3.857702
6.183473717
4.066673017
7.922480367
5.706860917
6.08470455
13.01746823
8.637090317
8.814939617
6.666268767
7.989883883
8.05214025
10.13885557
6.34852415
7.691101567
5.181296517
6.114099467
6.29164725
7.14999835
3.4524804
3.611330167
5.580588117
11.07896498
5.5346619
3.349206833
8.062451683
3.562004017
7.09411495
4.474753183
4.4270651
5.970807467
8.429289667
13.72425535
5.387662083
8.006638433
11.78687398
4.569649
6.481569317
5.418837833
7.064154683
4.68422565
6.736703367
7.389295133
8.6572087
5.512509367
7.537136333
4.4980182
7.713303217
9.989790367
7.102576683
7.294973367
4.556618767
5.833501533
5.60017495
6.03313275
10.54622535
5.7623785
6.4087136
7.460339017
6.830265067
5.308875367
4.58781625
7.114647267
8.4650713
3.931738967
10.60132675
7.33069945
4.099594717
6.7953842
6.95657305
3.62331245
11.32153762
7.990273867
6.973076033
3.33407495
8.287792133
7.857915383
4.617030317
6.564344183
9.236896
7.095575883
5.16686115
6.2315701
3.4402715
7.2953663
6.73098495
5.696453117
10.55141052
6.005955467
8.5021706
4.196829983
5.4969363
4.94449555
12.22745533
9.153507833
10.73664418
6.194096433
5.352060833
7.52408325
8.420780867
11.74970675
4.03349035
7.606316433
7.304330567
8.50708625
8.182076017
4.9427546
6.7422856
8.2719437
9.272837333
6.4669738
6.896057483
6.15141795
4.18398625
7.816967067
4.07699155
9.619068367
6.74303435
10.05361042
6.5761804
6.0208454
3.429651517
7.132037917
6.033455567
7.162857017
3.695895067
6.08000945
9.69073515
7.342822333
9.6238201
3.979381667
7.726175083
8.98190435
4.103169617
6.38737785
10.24216278
3.481365617
3.191075467
7.283055833
3.248524483
4.293566667
6.516627767
5.969139067
3.386062867
3.858202483
8.757892383
10.78200127
8.621999233
7.298031833
6.746262267
4.93583265
6.386253767
5.255045917
6.858711033
7.7385619
3.1114735
11.08503182
7.80838155
5.844434483
5.797987167
4.229524517
8.900494367
10.96456748
6.179514417
6.54615835
7.337393767
6.052941283