Total_revenue = 6700
Total_expense = 3680
Total_profit = 3020

Total_sales = 67

:  Sales_per_building Sales_per_truck    :=
1            6                0
2           17                0
3           24               67
4            5                0
5           15                0
6            .                0
7            .                0
8            .                0
9            .                0
10           .                0
;

Sales [*,*] (tr)
:    1   2    3    4   5     :=
1    0    0    0   0    0
2    0    0    0   0    0
3    6   17   24   5   15
4    0    0    0   0    0
5    0    0    0   0    0
6    0    0    0   0    0
7    0    0    0   0    0
8    0    0    0   0    0
9    0    0    0   0    0
10   0    0    0   0    0
;

x [*] :=
 1  0
 2  0
 3  1
 4  0
 5  0
 6  0
 7  0
 8  0
 9  0
10  0
;

y [*,*] (tr)
:    1   2   3   4   5    :=
1    0   0   0   0   0
2    0   0   0   0   0
3    1   1   1   1   1
4    0   0   0   0   0
5    0   0   0   0   0
6    0   0   0   0   0
7    0   0   0   0   0
8    0   0   0   0   0
9    0   0   0   0   0
10   0   0   0   0   0
;

Total_revenue = 9200
Total_expense = 5680
Total_profit = 3520

Total_sales = 92

:  Sales_per_building Sales_per_truck    :=
1           21                0
2           17                0
3           24               56
4           15                0
5           15               36
6            .                0
7            .                0
8            .                0
9            .                0
10           .                0
;

Sales [*,*] (tr)
:    1    2    3    4    5     :=
1     0    0    0    0    0
2     0    0    0    0    0
3     0   17   24    0   15
4     0    0    0    0    0
5    21    0    0   15    0
6     0    0    0    0    0
7     0    0    0    0    0
8     0    0    0    0    0
9     0    0    0    0    0
10    0    0    0    0    0
;

x [*] :=
 1  0
 2  0
 3  1
 4  0
 5  1
 6  0
 7  0
 8  0
 9  0
10  0
;

y [*,*] (tr)
:    1   2   3   4   5    :=
1    0   0   0   0   0
2    0   0   0   0   0
3    0   1   1   0   1
4    0   0   0   0   0
5    1   0   0   1   0
6    0   0   0   0   0
7    0   0   0   0   0
8    0   0   0   0   0
9    0   0   0   0   0
10   0   0   0   0   0
;

Total_revenue = 10000
Total_expense = 7000
Total_profit = 3000

Total_sales = 100

:  Sales_per_building Sales_per_truck    :=
1           21                0
2           25                0
3           24               39
4           15                0
5           15               36
6            .               25
7            .                0
8            .                0
9            .                0
10           .                0
;

Sales [*,*] (tr)
:    1    2    3    4    5     :=
1     0    0    0    0    0
2     0    0    0    0    0
3     0    0   24    0   15
4     0    0    0    0    0
5    21    0    0   15    0
6     0   25    0    0    0
7     0    0    0    0    0
8     0    0    0    0    0
9     0    0    0    0    0
10    0    0    0    0    0
;

x [*] :=
 1  0
 2  0
 3  1
 4  0
 5  1
 6  1
 7  0
 8  0
 9  0
10  0
;

y [*,*] (tr)
:    1   2   3   4   5    :=
1    0   0   0   0   0
2    0   0   0   0   0
3    0   0   1   0   1
4    0   0   0   0   0
5    1   0   0   1   0
6    0   1   0   0   0
7    0   0   0   0   0
8    0   0   0   0   0
9    0   0   0   0   0
10   0   0   0   0   0
;

Total_revenue = 10300
Total_expense = 8120
Total_profit = 2180

Total_sales = 103

:  Sales_per_building Sales_per_truck    :=
1           21                0
2           25                0
3           24               39
4           18                0
5           15               21
6            .               25
7            .               18
8            .                0
9            .                0
10           .                0
;

Sales [*,*] (tr)
:    1    2    3    4    5     :=
1     0    0    0    0    0
2     0    0    0    0    0
3     0    0   24    0   15
4     0    0    0    0    0
5    21    0    0    0    0
6     0   25    0    0    0
7     0    0    0   18    0
8     0    0    0    0    0
9     0    0    0    0    0
10    0    0    0    0    0
;

x [*] :=
 1  0
 2  0
 3  1
 4  0
 5  1
 6  1
 7  1
 8  0
 9  0
10  0
;

y [*,*] (tr)
:    1   2   3   4   5    :=
1    0   0   0   0   0
2    0   0   0   0   0
3    0   0   1   0   1
4    0   0   0   0   0
5    1   0   0   0   0
6    0   1   0   0   0
7    0   0   0   1   0
8    0   0   0   0   0
9    0   0   0   0   0
10   0   0   0   0   0
;

Total_revenue = 10300
Total_expense = 9120
Total_profit = 1180

Total_sales = 103

:  Sales_per_building Sales_per_truck    :=
1           21                0
2           25                0
3           24               39
4           18                0
5           15               21
6            .               25
7            .               18
8            .                0
9            .                0
10           .                0
;

Sales [*,*] (tr)
:    1    2    3    4    5     :=
1     0    0    0    0    0
2     0    0    0    0    0
3     0    0   24    0   15
4     0    0    0    0    0
5    21    0    0    0    0
6     0   25    0    0    0
7     0    0    0   18    0
8     0    0    0    0    0
9     0    0    0    0    0
10    0    0    0    0    0
;

x [*] :=
 1  1
 2  0
 3  1
 4  0
 5  1
 6  1
 7  1
 8  0
 9  0
10  0
;

y [*,*] (tr)
:    1   2   3   4   5    :=
1    0   0   0   0   0
2    0   0   0   0   0
3    0   0   1   0   1
4    0   0   0   0   0
5    1   0   0   0   0
6    0   1   0   0   0
7    0   0   0   1   0
8    0   0   0   0   0
9    0   0   0   0   0
10   0   0   0   0   0
;

